Q1960.1          242.520         119.170          64.740          47.430           5.640          17.590          17.890           0.560          46.840           7.560          14.030          25.250          25.790          29.720          34.400       13972.810       19788.199        6025.080         384.310        2061.420       55171.000           9.360           6.560          90.190          46.033               .           3.987           4.513           6.200          16.000               .               .        .          .       10692.86035       34.720   
Q1960.2          247.150         121.110          65.690          47.280           5.780          17.930          18.500           0.550          47.190           7.400          14.430          25.360          26.280          30.090          35.180       13960.740       19989.770        6001.050         246.920        2087.160       55321.000           9.680           7.200          87.340          47.500               .           4.307           4.827           6.267          16.700               .               .        .          .       10786.5498        35.040
Q1960.3          253.140         122.510          67.770          46.360           6.000          18.740          19.570           0.570          48.200           7.620          14.770          25.810          26.800          30.480          36.780       14129.710       20193.119        5979.410         198.020        2109.810       55532.000          10.030           8.200          87.690          48.267               .           5.053           5.543           6.500          17.700               .               .        .          .       10867.9502        35.300
Q1960.4          257.080         124.610          68.960          48.320           6.210          19.230          19.930           0.560          49.030           7.960          14.960          26.120          27.340          30.670          37.910       14113.780       20324.740        5953.510         183.810        2134.710       55713.000          10.160           8.760          88.330          49.900               .           4.910           5.513           6.267          18.300               .               .        .          .       10889.19043       35.650
Q1961.1          260.370         127.630          71.770          49.110           6.410          20.540          20.600           0.610          51.170           8.540          15.490          27.140          27.690          31.100          39.460       14107.990       20457.730        5924.160         176.730        2168.410       55872.000          10.540           8.850          87.050          48.967               .           3.597           4.173           6.067          18.900               .               .        .          .       10956.82031       35.900
Q1961.2          260.310         127.440          70.650          49.500           6.640          20.410          21.080           0.630          49.570           8.190          15.140          26.240          28.080          31.460          40.180       14107.360       20542.160        5888.800         177.670        2205.310       56096.000          10.750           8.010          90.450          51.000               .           2.813           3.233           5.733          19.500               .               .        .          .       10862.5498        36.120
Q1961.3          261.270         130.760          70.460          50.910           6.900          20.780          21.270           0.640          49.190           8.310          14.960          25.920          28.450          31.860          41.050       13961.900       20578.359        5841.800         172.570        2247.960       56326.000          11.030           7.000          90.470          53.367               .           2.650           3.103           5.900          20.000               .               .        .          .       10854.4502        36.500
Q1961.4          263.600         131.460          70.940          51.570           7.180          21.440          21.600           0.660          49.340           8.580          14.870          25.890          28.840          32.310          41.910       13915.020       20675.020        5789.740         160.630        2289.240       56514.000          11.160           5.870          91.080          56.267               .           2.667           3.863           6.000          20.400               .               .        .          .       10824.11035       36.910
Q1962.1          270.960         133.890          74.200          52.990           7.430          22.840          22.480           0.690          51.720           9.610          15.230          26.880          29.440          32.470          43.510       13964.950       20764.580        5729.280         126.360        2319.580       56582.000          11.510           5.480          92.770          54.967               .           2.247           2.963           5.867          21.200               .               .        .          .       10908.13965       37.060
Q1962.2          272.400         136.570          73.340          54.590           7.710          22.960          22.560           0.740          50.770           9.440          14.870          26.460          29.790          32.800          44.440       13817.640       20808.090        5675.890         160.440        2341.050       56768.000          11.660           5.420          91.150          57.333               .           2.767           3.097           5.900          21.600               .               .        .          .       10858.83008       37.390
Q1962.3          274.100         136.830          73.020          56.330           7.940          23.120          22.760           0.770          50.260           9.570          14.540          26.140          30.110          33.150          45.420       13738.500       20910.660        5634.350         159.870        2356.990       56915.000          11.730           5.560          91.630          58.767               .           2.847           3.250           6.067          21.600               .               .        .          .       10857.12012       37.620
Q1962.4          275.640         139.180          73.020          55.970           8.170          23.290          22.910           0.780          50.120           9.820          14.290          26.010          30.440          33.350          46.320       13703.350       20934.939        5594.990         166.660        2374.380       57081.000          12.200           4.860          91.690          61.500               .           2.787           4.377           6.200          22.200               .               .        .          .       10869.82031       37.670
Q1963.1          271.470         138.090          68.780          57.110           8.430          22.250          22.310           0.810          46.460           9.300          13.230          23.930          30.730          33.720          46.260       13554.570       20984.590        5559.270         211.130        2398.020       57135.000          11.920           5.020          90.680          59.267               .           2.963           3.377           6.100          22.100               .               .        .          .       10678.91992       38.210
Q1963.2          279.170         140.010          74.390          58.590           8.640          24.190          22.570           0.830          51.820          11.200          14.220          26.410          31.180          33.890          48.010       13608.740       21078.881        5513.270         176.260        2428.810       57323.000          12.330           5.940          90.650          61.167               .           3.290           3.663           6.100          22.900               .               .        .          .       10941.48047       38.430
Q1963.3          285.780         141.800          77.400          58.470           8.860          25.300          23.010           0.870          54.390          11.900          14.780          27.710          31.540          34.040          49.010       13715.320       21123.449        5457.850         175.710        2460.500       57477.000          12.540           7.240          90.660          63.167               .           2.900           3.847           6.100          22.900               .               .        .          .       10941.78027       38.560
Q1963.4          289.760         142.410          78.110          58.970           9.060          25.750          23.230           0.900          54.880          12.270          14.870          27.730          31.820          34.190          49.670       13630.340       21200.100        5401.550         176.140        2489.540       57621.000          12.570           9.180          89.930          65.800               .           2.830           5.037           6.100          23.700               .               .        .          .       10984.55957       38.890
Q1964.1          296.190         145.950          82.210          59.530           9.320          27.210          23.700           0.870          58.510          13.450          15.510          29.550          31.980          34.440          51.180       13682.090       21220.551        5343.180         165.760        2512.890       57677.000          13.150           8.580          90.550          64.100               .           2.923           3.373           6.000          24.200               .               .        .          .       11118.83984       39.060
Q1964.2          298.340         146.370          82.370          58.410           9.580          27.570          24.370           0.870          58.000          13.640          15.280          29.090          32.150          34.780          51.920       13742.910       21303.711        5287.370         175.960        2530.140       57903.000          13.010           8.210          91.400          66.733               .           3.340           3.663           6.167          24.900               .               .        .          .       10962.11035       39.210
Q1964.3          301.530         148.320          82.970          58.890           9.860          27.980          24.840           0.890          58.130          13.790          15.250          29.090          32.340          35.080          52.900       13692.120       21368.141        5245.010         167.320        2548.810       58068.000          13.490           6.570          91.210          68.400               .           3.507           3.893           6.300          25.300               .               .        .          .       11009.83984       39.480
Q1964.4          306.290         151.520          85.590          60.530          10.190          29.030          25.350           0.930          60.240          14.160          15.790          30.290          32.520          35.570          55.050       13767.880       21460.340        5201.790         156.780        2568.440       58236.000          13.830           5.260          91.610          71.233               .           3.383           5.427           6.300          25.700               .               .        .          .       11059.38965       39.730
Q1965.1          310.780         153.600          85.240          60.180          10.420          29.120          25.950           1.000          59.300          13.630          15.840          29.820          32.930          35.820          56.270       13690.900       21555.490        5168.240         148.820        2591.810       58323.000          13.780           5.220          92.000          70.100               .           3.383           4.037           6.367          26.000               .               .        475.92     .       11032.25977       39.980
Q1965.2          315.000         157.780          86.670          62.070          10.700          29.680          26.120           1.010          60.550          13.830          16.120          30.610          33.460          36.120          57.870       13720.290       21602.949        5139.820         147.370        2616.480       58563.000          14.170           4.430          90.500          73.033               .           4.140           4.670           6.667          26.300               .               .        453.64     .       11089.05957       40.420
Q1965.3          317.920         159.600          88.210          63.440          10.960          30.440          26.440           0.970          61.770          14.120          16.450          31.190          34.040          36.430          59.510       13697.920       21659.859        5112.500         153.020        2639.640       58721.000          14.140           4.310          90.600          74.333               .           4.307           5.237           7.000          26.600               .               .        467.7      .       11088.40039       40.920
Q1965.4          321.600         161.840          88.210          63.910          11.250          30.650          26.940           0.930          61.280          13.930          16.310          31.040          34.590          36.760          60.250       13685.070       21672.350        5100.500         152.590        2663.420       58869.000          14.460           5.110          90.650          77.100               .           4.587           6.597           7.300          27.200               .               .        441.85     .       11060             41.270
Q1966.1          325.040         162.310          89.820          64.370          11.520          31.400          27.140           0.950          62.680          14.160          16.670          31.850          35.020          37.140          61.770       13710.750       21748.020        5081.590          93.600        2683.530       58915.000          14.820           5.660          90.130          74.367               .           4.553           5.427           7.333          27.800               .               .        442.78     .       11050.51953       41.670
Q1966.2          326.530         163.320          89.720          64.650          11.880          31.710          26.620           0.950          63.100          14.310          16.890          31.900          35.340          37.350          62.880       13519.580       21747.609        5062.360         123.710        2700.300       59117.000          15.080           7.150          91.370          77.033               .           5.503           6.457           7.733          29.000               .               .        406.96     .       11097.75977       42.050
Q1966.3          325.430         164.120          87.550          64.190          12.110          30.930          25.570           0.950          61.980          13.920          16.480          31.590          35.630          37.790          63.520       13476.840       21609.010        5022.250         189.920        2712.220       59247.000          15.070           9.270          92.770          77.433               .           5.713           6.897           8.100          28.100               .               .        365.34     .       10950.86035       42.230
Q1966.4          322.360         163.000          84.750          64.640          12.280          29.930          23.600           0.930          61.150          13.670          15.820          31.660          35.890          37.860          63.720       13318.730       21414.471        4976.130         266.630        2726.140       59313.000          14.820          11.090          91.990          78.567               .           5.587           7.727           7.833          27.700               .               .        340.13     .       10803.01953       42.540
Q1967.1          321.570         164.850          82.600          65.710          12.480          29.070          23.440           0.860          59.160          13.180          14.390          31.590          36.020          38.030          63.030       12984.440       21096.359        4939.200         423.980        2747.110       59243.000          15.250          12.410          93.090          75.633               .           4.760           5.430           7.300          28.200               .               .        370.33     .       10650.28027       42.600
Q1967.2          322.200         163.590          80.930          66.720          12.540          28.210          23.030           0.870          57.900          12.490          13.800          31.610          36.330          38.070          62.700       12990.450       20905.881        4900.190         486.570        2768.550       59281.000          15.570          13.330          93.440          78.033               .           3.643           4.050           6.867          28.300               .               .        368.21     .       10362.44043       42.730
Q1967.3          323.080         164.990          80.870          67.690          12.670          27.940          22.870           0.910          58.000          12.640          13.490          31.880          36.610          37.980          62.670       12732.230       20843.650        4882.190         471.190        2790.290       59304.000          15.670          13.560          91.440          79.933               .           2.660           3.500           6.900          29.600               .               .        427.86     .       10394.32031       42.910
Q1967.4          327.900         166.370          82.570          66.910          12.830          28.670          24.340           0.950          58.220          12.750          13.740          31.730          36.820          38.420          63.270       12670.180       20785.990        4859.420         459.280        2799.480       59318.000          15.750          11.160          94.440          84.300               .           2.330           4.090           6.967          28.900               .               .        472.31     .       10337.01953       42.970
Q1968.1          332.340         167.480          82.920          66.620          13.050          28.940          23.360           0.890          59.560          13.460          14.250          31.850          37.210          38.500          65.070       12860.230       20858.150        4835.040         415.620        2802.060       59332.000          15.390          14.030          92.510          81.367               .           2.600           3.430           6.967          29.000               .               .        530.74     .       10438.29004       43.260
Q1968.2          337.320         171.620          82.900          66.300          13.240          29.100          24.740           0.890          58.160          13.360          13.770          31.020          37.360          38.890          66.500       12700.170       20941.619        4809.100         332.500        2800.280       59421.000          15.000          12.880          92.580          83.833               .           2.797           3.680           6.767          29.600               .               .        570.83     .       10534.58984       43.360
Q1968.3          345.380         173.960          84.650          67.010          13.570          30.010          25.960           0.850          58.690          13.270          14.410          31.010          37.620          39.250          68.600       12828.850       21089.699        4767.500         284.190        2798.450       59553.000          15.740          13.080          93.640          86.000               .           2.720           3.560           6.600          31.500               .               .        596.09     .       10572.73047       43.550
Q1968.4          350.480         177.560          87.590          68.690          13.810          31.110          26.940           0.860          60.650          14.090          14.940          31.630          37.950          39.340          69.900       12839.890       21289.920        4726.390         237.840        2809.210       59696.000          15.320          15.630          92.070          90.633               .           2.253           4.563           6.533          31.900               .               .        574.59     .       10704.16992       43.820
Q1969.1          357.900         181.620          90.380          69.520          13.920          32.770          28.750           0.940          61.630          14.380          15.780          31.480          37.980          39.810          71.680       12899.330       21444.039        4677.200         195.900        2820.170       59804.000          17.420          12.420          92.870          87.133         242.036           3.400           3.997           6.533          33.000               .               .        585.3      .       10700.00977       43.880
Q1969.2          363.130         184.630          91.910          69.790          14.260          33.590          29.690           0.930          62.220          14.610          16.210          31.400          38.390          40.120          74.010       12817.330       21553.891        4625.580         180.290        2842.580       59973.000          18.590          13.580          93.270          90.867         249.081           3.037           4.760           6.800          35.100               .               .        592.55     .       10778.98047       44.160
Q1969.3          370.970         188.210          94.330          70.340          14.730          35.470          31.380           0.950          62.950          15.070          16.500          31.380          38.810          40.820          77.090       12898.890       21681.949        4578.190         169.580        2873.330       60154.000          19.190          12.510          94.500          93.900         255.748           5.233           6.407           7.133          36.500               .               .        591.66     .       10797.66016       44.480
Q1969.4          376.620         191.050          94.050          70.820          15.380          36.800          32.300           0.970          61.750          14.660          16.770          30.320          39.380          41.680          81.000       12874.840       21832.039        4525.090         151.600        2902.310       60339.000          21.050           9.170          97.660          97.833         260.926           7.557           7.980           7.333          41.000               .               .        655.97     .       10826.49023       44.790
Q1970.1          377.270         194.850          94.890          71.240          16.150          38.760          33.500           1.030          61.390          14.900          17.070          29.420          40.190          42.450          84.550       12729.960       21931.461        4500.340         141.510        2930.370       60412.000          18.880           6.040         102.030          93.167         261.945           9.033           9.537           7.667          36.000               .               .        582.51     .       10835.58008       45.160
Q1970.2          386.390         198.610         100.640          72.690          16.750          42.400          34.700           1.110          65.940          16.710          18.420          30.810          40.670          43.450          89.000       13062.310       22087.490        4451.500         145.850        2960.780       60651.000          19.210           4.570         104.090          95.467         267.135           9.183           9.890           8.267          38.200               .               .        520.99     .       10871.28027       45.610
Q1970.3          388.250         202.720         103.440          73.650          17.290          44.560          35.840           1.190          67.600          17.270          19.020          31.310          41.150          44.140          91.830       12988.150       22230.221        4389.160         150.020        2994.860       60808.000          19.520           2.970         105.510          97.667         275.935           8.590           9.370           8.467          39.800               .               .        513.67     .       10937.91016       46.110
Q1970.4          393.110         207.150         105.770          75.170          17.870          46.310          36.400           1.150          69.360          17.500          19.510          32.350          41.600          44.820          95.000       13026.900       22330.480        4338.590         149.890        3030.630       60971.000          20.030           3.580         105.760         100.767         280.325           7.780           8.830           8.467          40.200               .               .        471.38     .       10962.5498        46.640
Q1971.1          395.050         207.610         106.640          75.810          18.570          47.430          36.850           1.220          69.790          17.030          19.750          33.000          41.930          45.900          98.120       12949.210       22446.221        4238.250         149.440        3068.850       61064.000          21.280           3.360         105.920         102.467         291.047           7.410           7.477           7.933          41.500               .               .        513.04     .       10918.99023       47.270
Q1971.2          395.760         211.670         106.790          76.710          19.260          48.830          37.090           1.280          69.700          16.420          19.870          33.410          42.430          46.730         100.620       12753.140       22488.320        4186.240         177.830        3097.440       61217.000          21.470           1.390         107.360         107.167         302.742           4.833           6.440           8.133          42.500               .               .        500.24     .       10902.30957       47.870
Q1971.3          400.440         213.460         107.420          77.380          19.820          49.660          35.980           1.280          71.450          16.500          20.140          34.810          42.880          47.500         103.920       12818.620       22522.160        4149.570         194.860        3126.980       61366.000          21.920           1.300         108.750         111.067         309.077           6.473           7.603           8.467          43.500               .               .        517.05     .       10855.98047       48.530
Q1971.4          401.950         215.790         108.260          77.800          20.370          50.460          36.020           1.380          72.240          16.220          20.200          35.820          43.360          48.200         105.680       12785.960       22571.660        4094.850         216.340        3161.800       61487.000          21.970          -1.190         109.140         113.267         317.422           5.933           7.073           8.200          44.900               .               .        435.56     .       10784.63965       49.180
Q1972.1          407.410         219.330         109.320          79.170          20.860          51.240          35.620           1.360          73.690          16.190          20.130          37.370          43.940          48.610         108.270       12774.410       22620.820        4082.640         242.620        3198.950       61533.000          22.720           0.080         109.890         118.367         328.138           4.077           4.957           7.800          47.200               .               .        518.95     .       10849.46973       49.930
Q1972.2          411.550         219.860         109.270          79.740          21.360          51.640          35.210           1.360          74.060          15.950          20.170          37.940          44.400          49.210         111.240       12758.610       22701.039        4047.230         243.440        3248.670       61624.000          23.440           1.070         108.400         123.067         337.680           3.123           4.713           8.167          48.300               .               .        575.3      .       10804.12012       50.410
Q1972.3          416.380         223.440         109.800          80.320          21.950          52.530          35.570           1.400          74.240          15.590          20.180          38.460          45.020          49.950         114.380       12638.780       22774.211        4012.770         255.010        3289.240       61723.000          23.780           1.840         107.180         127.067         352.816           3.850           4.923           8.333          49.700               .               .        594.08     .       10827.58008       51.260
Q1972.4          424.190         225.290         111.630          80.690          22.530          53.960          35.120           1.330          76.510          16.140          20.450          39.920          45.490          50.530         117.590       12661.230       22863.840        3995.040         251.540        3324.430       61806.000          24.490           5.360         106.950         129.267         361.926           6.157           7.850           8.567          51.900               .               .        559.6      .       10875.9502        51.970
Q1973.1          431.000         227.700         112.000          82.630          23.080          54.860          36.160           1.430          75.840          15.610          20.340          39.890          46.020          51.600         123.210       12732.730       23020.539        3967.680         216.030        3345.720       61838.000          25.700           3.300         107.170         134.567         374.511           6.377           8.207           8.717          54.500               .               .        543.65     102.76  10896.05957       52.820
Q1973.2          433.400         229.140         111.330          83.160          23.670          55.370          35.710           1.490          75.620          15.620          20.130          39.870          46.600          52.290         126.170       12678.890       23114.520        3954.850         251.150        3364.300       61923.000          25.170           5.120         108.120         130.067         384.371          11.047          12.220           9.417          55.500               .               .        514.45     99.73   10912.73047       53.770
Q1973.3          435.120         227.800         108.810          83.950          24.280          54.790          34.460           1.470          74.350          15.820          19.810          38.730          46.980          53.020         129.810       12591.140       23175.109        3928.910         299.170        3383.840       62028.000          25.820           8.980         107.290         127.567         389.772          12.057          14.373           9.883          57.100               .               .        460.45     90.8    10888.87012       54.540
Q1973.4          437.100         228.840         105.800          85.510          24.940          54.020          34.210           1.520          71.590          15.540          19.320          36.730          47.630          53.950         133.340       12547.070       23176.170        3899.680         350.400        3402.350       62114.000          25.330           9.420         105.160         131.067         398.344          11.253          13.770           9.717          57.700               .               .        448.54     90.66   10889.2002        55.620
Q1974.1          438.140         228.390         103.340          85.680          25.720          53.920          32.100           1.490          71.240          16.700          18.920          35.620          48.260          54.710         136.240       12536.270       23117.990        3859.690         437.170        3444.710       62092.000          25.450          17.740         100.130         132.767         410.400          10.387          11.320          10.083          57.900               .               .        428.87     88.92   10801.21973       56.560
Q1974.2          436.000         228.580          99.330          86.870          26.630          53.100          31.440           1.550          67.890          16.540          17.900          33.450          48.730          55.900         140.970       12291.560       23016.910        3812.410         509.300        3465.500       62056.000          26.830          17.830          99.060         136.367         419.767           7.493           9.543          10.717          59.800               .               .        423.51     87.56   10782.66992       57.640
Q1974.3          435.870         230.840          97.520          87.830          27.380          53.050          31.810           1.630          65.710          16.520          17.170          32.010          49.290          57.110         143.790       12273.660       22890.641        3773.220         616.590        3493.250       62039.000          26.540          15.550         100.100         138.767         422.218           9.307           9.607          10.917          60.800               .               .        414.88     84.49   10635.32031       58.520
Q1974.4          429.950         230.180          94.440          88.590          28.050          52.070          30.190           1.670          64.250          16.720          16.650          30.880          49.540          58.080         145.860       12034.730       22730.199        3725.200         785.300        3526.260       62029.000          26.890          16.170         100.800         145.567         429.370           8.277           9.140          10.517          61.200               .               .        380.85     80.04   10469.32031       59.530
Q1975.1          424.200         232.110          93.400          89.170          28.610          51.770          30.430           1.560          62.970          16.580          16.480          29.920          49.990          58.850         145.820       11715.300       22533.109        3698.980         945.600        3546.430       61958.000          26.650          10.340         103.740         149.567         441.410           5.603           6.627           9.183          59.600               .               .        448.8      96.52   10327.16016       60.310
Q1975.2          427.070         235.830          92.070          90.510          29.000          51.180          30.880           1.490          61.190          16.100          15.950          29.140          50.270          59.470         146.990       11831.590       22401.551        3662.680        1073.370        3576.270       61874.000          26.870           9.530         102.790         155.267         444.586           5.027           4.920           8.717          58.700               .               .        513.04     108.79  10131.88965       61.160
Q1975.3          431.670         238.130          93.400          91.730          29.570          52.420          31.580           1.510          61.820          16.200          16.270          29.350          50.470          59.780         148.850       11718.970       22300.619        3623.320        1135.660        3594.520       61788.000          27.620           9.330         101.380         162.667         453.461           3.440           4.157           8.617          61.000               .               .        529.21     112.42  10129.04004       62.050
Q1975.4          436.230         240.990          94.800          91.490          30.060          53.660          32.500           1.490          62.300          15.960          16.620          29.720          50.730          60.600         150.910       11694.690       22256.391        3583.970        1142.670        3608.940       61697.000          28.590           8.680         100.060         166.967         468.972           3.547           4.133           8.683          62.800               .               .        542.05     115.49  10129.12988       62.730
Q1976.1          445.670         243.400          94.240          91.840          30.650          54.070          32.950           1.460          61.290          15.450          16.270          29.570          50.630          60.990         154.630       11838.010       22306.770        3523.890        1122.140        3629.640       61616.000          29.050           9.640          99.310         167.667         479.310           3.500           3.797           8.250          64.200  -210899490.000          25.090        571.39     123.33  10178.49023       63.420
Q1976.2          451.080         244.490          97.670          92.060          31.220          56.650          33.500           1.470          64.170          16.050          17.330          30.790          50.830          61.540         158.300       11835.000       22388.730        3480.670        1063.260        3639.890       61541.000          29.770           8.750          99.460         175.667         491.300           3.610           3.843           8.217          65.300  -225896596.000          24.610        541.64     118.42  10272.63965       63.920
Q1976.3          453.410         246.550          96.860          92.080          31.680          56.560          32.690           1.410          64.170          15.780          17.360          31.030          50.980          62.360         161.790       11867.070       22456.279        3441.460        1030.540        3648.880       61497.000          30.210          10.880          98.610         175.967         503.344           4.340           4.530           8.383          67.800  -265665485.000          24.540        531.37     116.39  10307.25          64.420
Q1976.4          459.960         249.570          98.690          92.500          32.220          58.170          33.930           1.310          64.760          15.730          17.350          31.680          51.080          62.500         164.830       11923.910       22511.449        3404.890        1016.840        3651.670       61470.000          31.030           9.470          99.230         173.967         514.678           4.090           4.823           7.783          70.800  -273919914.000          23.540        505.15     113.2   10315.44043       64.930
Q1977.1          461.680         252.570         101.270          92.460          32.660          60.140          34.800           1.450          66.470          15.540          18.320          32.610          51.070          63.200         167.540       11839.090       22522.240        3367.560        1013.980        3649.730       61432.000          30.900           9.960          98.620         181.067         522.807           4.487           4.740           7.250          72.700  -246508544.000          24.870        510.58     116.81  10258.26953       65.570
Q1977.2          462.290         255.820          98.770          92.590          33.250          59.370          35.220           1.430          63.550          14.660          17.550          31.340          51.270          63.910         170.690       11598.230       22549.930        3332.230        1032.720        3665.370       61403.000          31.470          11.950          98.460         185.867         533.601           4.250           4.447           6.683          74.300  -231294233.000          24.720        545.1      125.34  10212.45996       66.050
Q1977.3          466.330         258.740         100.120          93.590          33.740          60.680          36.380           1.490          63.740          14.640          17.420          31.680          51.520          64.260         172.950       11663.410       22618.381        3306.150        1039.420        3686.030       61391.000          32.800           8.970          99.850         192.667         550.919           4.100           4.187           6.383          75.800  -245284431.000          24.390        549.41     126.81  10183.4502        66.490
Q1977.4          470.860         261.390         100.400          94.820          34.350          61.530          36.680           1.650          63.720          14.830          17.240          31.650          51.830          65.210         175.740       11651.330       22692.699        3288.210        1028.910        3709.190       61375.000          33.180          11.660         100.010         193.667         567.070           3.720           4.087           6.283          76.700  -239809215.000          23.800        563.36     132.68  10160.07031       66.920
Q1978.1          473.720         263.630         101.890          95.870          35.080          63.500          36.910           1.590          64.970          15.300          17.470          32.200          52.380          65.860         178.370       11556.300       22754.609        3279.380        1015.460        3731.740       61340.000          34.630           9.920         101.640         206.567         577.422           3.420           3.517           5.917          79.300  -218124757.000          22.190        563.06     135.35  10217.11035       67.250
Q1978.2          476.770         264.280         103.830          96.360          35.640          65.060          38.030           1.640          65.800          15.250          17.840          32.710          52.750          66.630         181.680       11766.990       22818.420        3270.990        1007.390        3752.620       61317.000          34.790           8.970         102.380         210.967         589.073           3.540           3.613           5.983          78.700  -220448428.000          21.660        529.62     129.11  10182.57031       67.780
Q1978.3          481.370         268.740         105.100          97.170          36.440          66.960          39.190           1.620          65.910          15.140          18.040          32.720          53.170          67.310         185.200       11610.450       22910.570        3254.520         983.920        3774.630       61318.000          33.670           8.710         103.120         217.267         608.308           3.380           3.717           6.417          79.500  -242146023.000          21.030        578.09     139.76  10223.9502        68.280
Q1978.4          486.240         270.330         106.060          98.540          37.220          68.610          39.710           1.640          66.350          15.030          18.310          33.020          53.600          67.710         188.150       11601.770       23008.020        3231.050         961.190        3796.610       61331.000          34.790           6.640         103.590         221.267         631.026           3.100           3.953           6.683          81.600  -263030978.000          20.000        587.61     145.06  10242.0498        68.680
Q1979.1          489.610         270.450         105.660          99.110          37.990          69.400          40.710           1.660          64.940          14.420          17.830          32.690          54.070          68.320         192.120       11647.610       23151.109        3207.690         936.280        3827.090       61320.000          35.750           5.070         102.180         228.067         639.612           3.707           4.170           7.150          82.800  -258657776.000          21.190        557.41     140.72  10243.84961       69.460
Q1979.2          501.170         278.550         111.720         100.260          38.930          74.750          41.600           1.750          70.120          16.030          18.890          35.210          54.430          68.770         195.930       11672.610       23312.199        3180.050         883.720        3852.740       61322.000          37.040           3.100         101.050         228.367         652.856           5.333           5.973           7.817          85.200  -269314657.000          26.100        532.26     135.25  10376             70.110
Q1979.3          502.740         275.530         112.700         100.400          39.900          76.780          42.120           1.800          70.580          15.920          19.190          35.470          54.740          69.840         200.300       11705.820       23463.080        3168.640         855.160        3874.740       61366.000          39.850           3.940          98.100         229.567         661.054           6.197           7.273           7.817          88.900  -271183315.000          30.400        536.5      135.87  10414.83008       71.260
Q1979.4          506.150         278.120         115.590         101.500          40.960          80.150          42.820           1.810          72.770          16.400          19.800          36.580          55.080          70.700         204.680       11765.580       23623.340        3165.110         827.010        3895.920       61427.000          38.930           3.760          96.310         229.567         667.405           8.250           9.330           8.017          85.900  -274393556.000          33.310        495.18     129.14  10523.55957       72.440
Q1980.1          509.620         280.710         117.820         101.360          42.160          83.590          42.940           1.840          74.880          16.870          20.410          37.600          55.330          71.690         210.100       11900.700       23744.199        3168.670         806.980        3904.310       61470.000          40.130           6.290          95.110         229.367         675.574           8.307           9.157           8.717          89.900  -260643800.000          41.610        510.28     136.55  10563.21973       73.450
Q1980.2          503.170         276.150         113.180         103.050          43.250          82.120          42.830           1.830          70.350          15.350          19.570          35.430          55.700          72.710         214.270       11740.440       23803.711        3168.020         856.100        3920.390       61527.000          40.200           5.690          93.530         230.367         683.255           9.630          10.197           8.817          91.600  -238831190.000          45.640        503.18     131.74  10492.99023       74.580
Q1980.3          503.450         279.840         112.870         103.800          44.320          83.010          42.730           1.820          70.140          15.340          19.540          35.260          56.090          73.290         217.460       11776.000       23841.119        3157.700         916.610        3936.550       61604.000          40.180           5.270          93.550         237.067         692.504           9.330           9.217           8.050          92.100  -229164668.000          45.860        529.66     141.0   10466.12988       75.340
Q1980.4          501.900         279.340         111.580         103.590          45.260          83.120          42.630           1.820          68.950          14.860          19.430          34.660          56.410          73.890         220.220       11709.780       23868.131        3152.700         985.960        3955.330       61664.000          41.920           5.130          91.990         240.167         707.616           8.977           9.577           8.683          91.400  -239416029.000          49.610        488.93     134.36  10442.09961       76.360
Q1981.1          502.760         277.650         109.760         105.520          46.110          82.410          41.950           1.720          67.810          14.470          19.170          34.160          56.810          74.520         221.350       11638.230       23895.369        3139.560        1069.990        3974.530       61657.000          41.590           9.000          90.010         234.067         718.945          10.480          11.247           9.750          91.900  -209028383.000          59.590        474.44     131.79  10409.05957       77.660
Q1981.2          503.950         277.390         110.100         103.990          47.260          83.980          41.120           1.650          68.980          14.730          19.490          34.760          57.030          75.460         225.640       11672.730       23858.189        3131.160        1197.650        3987.530       61658.000          41.770          15.320          88.760         236.867         731.316          11.690          13.160          10.450          92.000  -191212277.000          63.110        505.2      140.99  10428.23047       79.010
Q1981.3          507.160         277.920         108.260         104.720          48.210          83.460          40.470           1.660          67.780          14.190          19.510          34.070          57.200          76.290         227.950       11689.750       23792.250        3123.780        1346.020        3998.580       61693.000          42.790          21.050          87.230         234.167         741.430          11.983          12.787          10.717          93.500  -197098321.000          64.780        545.21     147.6   10387.62988       80.180
Q1981.4          506.080         276.950         104.190         104.510          49.040          80.960          39.270           1.530          64.930          13.330          18.980          32.610          57.350          77.400         229.570       11657.550       23716.600        3108.650        1496.840        4003.290       61720.000          43.050          24.990          88.110         238.667         745.852          10.897          11.227          10.050          92.900  -195128247.000          60.560        501.17     138.6   10337.28027       81.390
Q1982.1          502.370         275.410         103.120         104.330          49.970          80.980          38.400           1.510          64.710          13.220          19.280          32.210          57.280          78.170         231.410       11601.670       23647.789        3097.550        1648.410        4014.550       61696.000          42.800          23.570          88.650         239.867         761.316           9.997          10.200           9.750          92.400  -173554110.000          61.920        504.91     143.38  10345.24023       82.240
Q1982.2          501.910         274.000         102.080         104.040          50.550          80.420          37.690           1.430          64.390          13.010          19.480          31.900          57.330          78.960         232.860       11613.090       23609.561        3090.350        1755.020        4021.230       61656.000          44.240          24.810          89.010         245.667         777.924           9.200           9.263           9.083          96.200  -193231329.000          58.780        509.01     146.31  10286.28027       83.220
Q1982.3          498.810         272.460         101.340         103.230          51.210          80.230          37.230           1.330          64.110          12.830          19.260          32.010          57.400          79.830         234.170       11549.300       23511.891        3080.950        1887.640        4025.520       61621.000          42.530          23.530          89.760         248.767         790.548           8.590           8.880           9.117          94.800  -177237983.000          62.490        496.35     140.98  10234.26953       84.240
Q1982.4          498.420         273.750         101.990         102.760          51.940          81.060          36.560           1.330          65.420          12.890          19.660          32.870          57.470          80.330         234.720       11534.230       23372.020        3076.970        2058.410        4035.010       61578.000          42.940          24.760          89.010         255.267         799.029           6.877           7.170           8.283          95.400  -180789376.000          63.580        516.33     150.89  10172.98047       84.920
Q1983.1          501.860         276.090         103.120         103.080          52.530          82.230          38.250           1.320          64.870          12.260          19.460          33.140          57.510          81.060         233.890       11383.840       23231.760        3067.280        2197.990        4042.960       61509.000          44.300          23.860          90.010         266.867         817.253           5.700           5.700           7.850          96.500  -160086986.000          58.490        568.16     168.98  10054.30957       85.420
Q1983.2          508.650         277.520         105.730         103.460          53.330          85.030          40.220           1.330          65.520          11.980          19.710          33.820          57.600          81.540         237.570       11396.150       23175.020        3055.970        2270.490        4050.680       61447.000          44.440          21.840          90.400         272.667         829.041           5.007           5.367           7.983          97.600  -163722499.000          54.930        694.71     204.01  10080.57031       85.990
Q1983.3          509.680         277.770         105.590         103.930          54.150          85.550          39.210           1.360          66.390          11.830          19.950          34.600          57.720          82.210         240.210       11368.530       23185.551        3050.560        2290.200        4061.700       61395.000          46.610          21.180          89.660         275.267         842.743           5.177           5.720           8.483         100.300  -167129512.000          58.300        718.6      210.02  10055.55957       86.780
Q1983.4          514.960         279.230         106.170         104.430          54.910          86.730          40.290           1.330          65.880          11.470          19.840          34.570          57.820          82.680         241.090       11331.290       23189.881        3043.730        2275.570        4055.870       61341.000          47.090          19.330          89.590         276.167         846.934           5.570           6.320           8.450         102.200  -161129093.000          60.010        747.78     226.65  9983.157227       87.330
Q1984.1          522.170         281.840         107.270         105.130          55.660          88.160          38.670           1.390          68.600          11.940          20.690          35.980          58.020          83.050         246.170       11478.880       23214.359        3045.640        2247.060        4051.510       61275.000          47.480          23.470          88.710         275.767         848.784           5.540           5.977           8.350         104.100  -176614904.000          60.940        779.98     234.8   10095.21973       87.920
Q1984.2          517.970         282.160         103.620         106.310          56.280          85.780          37.150           1.400          66.470          11.310          20.030          35.130          58.160          83.410         243.340       11294.720       23232.830        3043.130        2256.020        4058.280       61221.000          47.330          23.480          88.620         277.667         860.413           5.517           6.023           8.317         103.400  -171652817.000          60.220        758.73     233.98  9989.750977       88.430
Q1984.3          523.440         282.530         105.070         106.450          56.900          87.520          40.290           1.410          64.790          11.150          19.750          33.880          58.280          83.660         246.800       11225.430       23247.240        3041.470        2278.380        4067.230       61135.000          47.220          26.910          88.300         281.567         872.201           5.543           5.990           8.183         102.200  -162930660.000          62.760        756.41     230.23  10046.66992       88.700
Q1984.4          526.930         282.920         105.090         107.400          57.540          87.940          40.000           1.460          65.090          11.550          20.000          33.550          58.480          84.200         250.820       11266.940       23319.350        3038.350        2282.140        4088.630       61069.000          47.500          32.090          88.090         290.667         881.820           5.580           5.953           7.517         104.900  -158087954.000          65.380        803.37     252.4   10133.32031       89.210
Q1985.1          528.350         284.090         103.390         107.530          58.080          87.030          41.540           1.540          61.850          11.120          19.300          31.430          58.750          84.430         251.300       11260.660       23360.490        3031.890        2304.880        4100.790       61028.000          47.610          30.780          87.570         287.767         891.276           5.717           6.140           7.650         107.100  -175184378.000          68.600        832.16     271.58  10026.73047       89.760
Q1985.2          532.210         285.300         105.030         107.970          58.600          88.650          42.370           1.610          62.660          11.390          19.820          31.450          58.940          84.890         255.840       11197.160       23416.010        3030.790        2311.590        4112.930       61011.000          48.120          34.820          87.100         288.467         903.381           5.630           5.847           7.350         109.400  -157007797.000          65.240        889.44     294.06  10122.58008       90.110
Q1985.3          536.380         288.800         105.640         108.980          59.120          89.500          42.360           1.610          63.280          11.580          20.230          31.470          59.150          85.640         257.640       11293.300       23487.910        3033.070        2302.630        4124.780       61027.000          48.080          33.160          88.940         296.767         913.524           4.830           4.940           6.817         109.600  -157140776.000          58.610        1024.66    331.79  10103.66016       90.280
Q1985.4          536.220         290.690         105.470         110.020          59.550          89.820          43.720           1.600          61.740          11.240          19.980          30.510          59.350          86.300         260.310       11217.670       23559.381        3040.740        2305.010        4135.780       61030.000          48.470          30.580          91.020         304.167         930.378           4.597           4.827           6.817         111.100  -152583766.000          55.360        1279.5     414.61  10092.88965       90.370
Q1986.1          539.340         293.190         107.260         110.210          60.100          91.690          43.550           1.630          63.710          12.000          20.700          31.010          59.550          87.090         264.850       11144.000       23670.080        3050.150        2282.990        4157.350       61018.000          48.140          31.610          93.740         312.567         961.753           4.690           4.567           6.450         111.000  -165020829.000          39.340        1434.96    469.91  10159.91992       90.080
Q1986.2          547.520         297.360         108.860         111.570          60.660          93.500          44.430           1.700          64.430          12.290          21.020          31.110          59.750          87.770         268.040       11476.460       23760.289        3055.330        2238.890        4173.620       61024.000          48.840          27.570          98.120         317.767         972.503           4.483           4.563           6.117         113.900  -163936692.000          23.100        1398.92    458.67  10143.65039       89.550
Q1986.3          547.820         298.720         108.400         112.190          61.180          93.330          43.910           1.800          64.480          12.250          21.120          31.110          59.970          88.430         271.700       11370.060       23858.551        3051.450        2205.750        4190.370       61085.000          49.430          27.510         100.950         323.867         994.328           4.497           4.567           6.150         113.900  -179119029.000          18.720        1415.86    470.2   10184.15039       89.510
Q1986.4          550.780         299.940         109.840         111.920          61.720          94.840          44.280           1.850          65.560          12.620          21.520          31.420          60.140          88.830         273.850       11379.380       23944.490        3042.300        2182.990        4209.440       61137.000          48.470          25.900         102.270         329.767        1015.455           4.620           4.697           6.417         113.700  -157613397.000          21.050        1403.01    468.4   10215.54004       89.450
Q1987.1          547.530         301.690         107.390         112.750          62.200          93.150          45.240           1.830          62.150          11.490          20.730          29.930          60.370          89.330         275.220       11349.090       23959.949        3032.810        2200.970        4210.020       61143.000          49.460          22.860         103.460         336.167        1033.679           3.970           4.150           6.183         114.800  -154193968.000          24.790        1265.63    415.56  10135.00977       89.670
Q1987.2          552.290         306.700         110.270         112.760          62.780          95.990          45.640           1.880          64.620          12.290          21.650          30.690          60.520          89.610         280.530       11230.130       24022.340        3018.440        2219.470        4224.860       61077.000          49.550          24.340         102.390         349.067        1049.067           3.683           3.783           5.950         114.900  -158486686.000          25.040        1314.05    423.0   10187.17969       89.990
Q1987.3          557.320         309.060         112.620         113.360          63.330          98.330          46.370           1.920          66.240          12.710          22.200          31.340          60.670          89.690         282.680       11388.970       24067.221        3008.260        2233.850        4233.030       61137.000          49.900          23.280         101.900         355.467        1063.118           3.740           3.923           6.617         118.700  -164631571.000          26.240        1548.89    478.36  10200.37012       90.150
Q1987.4          563.440         313.290         113.410         113.670          64.000          99.360          46.520           1.920          66.890          12.610          22.390          31.880          60.840          90.090         285.820       11451.890       24117.510        3002.820        2242.510        4240.760       61212.000          52.030          24.050         102.220         355.667        1077.140           3.493           4.097           6.683         120.400  -161077425.000          24.250        1061.64    322.57  10213.62988       90.380
Q1988.1          570.000         313.980         114.870         114.760          64.610         101.050          47.540           1.940          67.330          12.580          22.560          32.190          60.930          90.310         288.040       11516.720       24167.449        2995.960        2265.730        4254.050       61277.000          51.160          24.630         102.610         370.967        1094.495           3.230           3.370           6.450         119.800  -173333214.000          21.190        1032.98    317.12  10248.82031       90.560
Q1988.2          570.380         314.040         114.380         115.220          65.210         100.990          48.020           1.860          66.360          12.260          22.360          31.740          61.140          90.830         290.220       11380.070       24220.000        2999.400        2264.370        4244.250       61362.000          52.130          23.310         103.270         385.067        1115.928           3.430           3.607           6.583         121.400  -171184547.000          21.080        1002.41    310.86  10234.58008       90.930
Q1988.3          579.470         318.370         116.510         115.550          66.170         103.690          49.470           1.880          67.050          12.300          22.540          32.200          61.350          91.220         294.050       11431.490       24301.439        3004.030        2236.680        4251.080       61503.000          52.800          25.040         102.290         388.067        1130.576           4.627           5.060           6.817         122.600  -188538226.000          21.340        1173.56    357.84  10233.83008       91.430
Q1988.4          584.580         319.170         118.020         116.940          67.200         105.780          50.320           1.810          67.700          12.330          22.830          32.540          61.370          91.790         297.420       11475.640       24399.439        3004.460        2178.680        4258.140       61656.000          53.500          28.540         101.900         392.967        1150.008           4.750           5.097           6.550         124.200  -187111027.000          18.820        1252.18    385.4   10236.30957       92.030
Q1989.1          588.620         321.400         120.190         114.490          68.150         108.490          50.570           1.870          69.620          12.940          23.370          33.310          61.340          92.350         300.370       11390.870       24483.650        3009.120        2097.730        4264.340       61766.000          56.740          29.780         100.440         404.467        1168.343           5.593           6.220           6.983         130.700  -154565346.000          23.990        1353.22    423.92  10294.46973       92.950
Q1989.2          596.420         323.670         121.840         113.870          69.320         110.840          52.530           2.040          69.310          12.550          23.350          33.410          61.310          92.800         302.400       11584.680       24581.930        3009.960        2047.410        4277.230       61898.000          57.690          33.770          99.280         404.167        1177.613           6.213           6.790           7.083         134.200  -154865370.000          27.390        1347.84    426.88  10256.80957       93.700
Q1989.3          596.440         325.900         123.090         113.630          70.390         112.840          53.950           2.010          69.140          12.390          23.440          33.310          61.230          93.480         307.420       11406.750       24702.539        3010.030        2000.660        4271.210       62116.000          58.140          30.420         100.200         407.167        1191.783           6.860           7.140           6.983         134.500  -166777768.000          25.230        1608.6     501.29  10282.11035       94.090
Q1989.4          604.910         330.570         126.500         113.450          71.700         117.010          55.820           2.240          70.680          12.700          23.720          34.260          61.420          94.370         311.230       11455.880       24849.650        3015.110        1991.550        4277.780       62471.000          58.470          26.380         100.990         413.567        1205.917           7.690           8.120           7.517         136.100  -187059912.000          26.130        1496.69    482.38  10299.67969       94.690
============================================================================================================================================================================================================================================================================================================================================================================================================================================================================================================================================================================================
Erlaeuterungen zu Data.txt:
Spalte  1: Quartal
Spalte  2: Reihe : BRUTTOINLANDSPRODUKT, ZU PREISEN VON 1991 (SAIS.BER.);(MRD.DM) / 12011B
Spalte  3: Reihe : PRIVATER VERBRAUCH, ZU PREISEN VON 1991 (SAIS.BER.);(MRD.DM) / 3201B
Spalte  4: Reihe : INVESTIT.: ANLAGEINVESTITIONEN, ZU PREISEN VON 1991 (SAIS.BER.);(MRD.DM) / 3212AB
Spalte  5: Reihe : OEFFENTLICHER VERBRAUCH, ZU PREISEN VON 1991 (SAIS.BER.);(MRD.DM) / 3202B
Spalte  6: Reihe : ABSCHREIBUNGEN, INSGESAMT, (SAIS.BER.);(MRD.DM) / 20015B
Spalte  7: Reihe : INVESTIT.: ANLAGEINVESTITIONEN, ZU JEW. PREISEN (SAIS.BER.);(MRD.DM) / 3112AB
Spalte  8: Reihe : INVESTIT.: AUSRUESTUNGEN, ZU PREISEN VON 1991 (SAIS.BER.);(MRD.DM) / 32013B
Spalte  9: Reihe : INVESTIT.: AUSRUESTUNGEN, ZU PREISEN VON 1991; STAAT (SAIS.BER.);(MRD.DM) / 3206B
Spalte 10: Reihe : INVESTIT.: BAUTEN, ZU PREISEN VON 1991 (SAIS.BER.);(MRD.DM) / 32012B
Spalte 11: Reihe : INVESTIT.: BAUTEN, ZU PREISEN VON 1991; STAAT (SAIS.BER.);(MRD.DM) / 3203B
Spalte 12: Reihe : INVESTIT.: BAUTEN, ZU PREISEN VON 1991; WIRTSCHAFTSBAUTEN (SAIS.BER.);(MRD.DM) / 3205B
Spalte 13: Reihe : INVESTIT.: BAUTEN, ZU PREISEN VON 1991; WOHNBAUTEN (SAIS.BER.);(MRD.DM) / 3204B
Spalte 14: Reihe : BW.: STAAT, ZU PREISEN VON 1991; EINK. AUS UNS. ARBEIT (SAIS.BER.);(MRD.DM) / 1212EB
Spalte 15: Reihe : BRUTTOINLANDSPRODUKT, PREISINDEX 1991=100 (SAIS.BER.) / 1211XB
Spalte 16: Reihe : EINK.A.: BRUTTOEINKOMMEN AUS UNSELBSTAENDIGER ARBEIT (SAIS.BER.);(MRD.DM) / 20011B
Spalte 17: Reihe : ERWERBSTAET.: ARBEITSVOLUMEN (SAIS.BER.);(MILL.STD.) / 1101B
Spalte 18: Reihe : ERWERBSTAET.: BESCHAEFTIGTE ARBEITNEHMER IM INLAND (SAIS.BER.);(1000 PERS.) / 1102B
Spalte 19: Reihe : ERWERBSTAET.: SELBSTAEND.U.MITHELF. FAMILIENANGEHOER. (SAIS.BER.);(1000 PERS.) / 1103B
Spalte 20: Reihe : ERWERBSTAET.: ARBEITSLOSE (SAIS.BER.);(1000 PERS.) / 1110B
Spalte 21: Reihe : ERWERBSTAET.: BESCHAEFTIG.ARBEITNEHMER IM INLAND,STAAT (SAIS.BER.);(1000 PERS.) / 1102SB
Spalte 22: Reihe : WOHNBEVOELKERUNG;(1000 PERS.) / 1100
Spalte 23: Reihe : INDIREKTE STEUERN ABZUEGLICH SUBVENTIONEN (SAIS.BER.);(MRD.DM) / 20016B
Spalte 24: Reihe : AUSSENH.:AUSSENBEITRAG (O.AUSL.EINK.), ZU PR. V. 1991 (SAIS.BER.);(MRD.DM) / 3242FB
Spalte 25: Reihe : AUSSENH.: TERMS OF TRADE (WAREN U. DIENSTE O.ERW.U.V.EINK (SAIS.BER.) / 314YXB
Spalte 26: Reihe : Geldmenge M1 in Mrd. DM (sais.bereinigt): Ausgangsdaten: International Statistical
                   Yearbook. Reihe TU0047 (nicht sais.bereingite Monatsdaten) und Reihe AB4001. sais.
                   bereinigte Veraenderung von M1. Die Daten von Q601 bis Q701 wurden mit Saisondummies
                   (logarithmisch) bereinigt.
Spalte 27: Reihe : Geldmenge M3 in Mrd. Sais.ber, per Email von Bundesbank erhalten (->InsM3.g)
Spalte 28: Reihe : SU0101 (aus 50 Jahre DBuBa), Geldmarktsätze in Frankfurt: Kreditinstitute Tagesgeld, Monatsdurchschnitt in % p.a.
Spalte 29: Reihe : SU0107 (aus 50 Jahre DBuBa), Geldmarktsätze in Frankfurt: Kreditinstitute Dreimonatsgeld, Monatsdurchschnitt in % p.a.
Spalte 30: Reihe : DEU_IRL: Long Term Interest Rate in %p.a. OECD Statistical Compendium, edition 02#1999 (OECD and IEA,1990), business sector data base (BSDB)
Spalte 31: Reihe : Steuereinnahmen der Gebietskoerperschaften (Sais. Ber.), (Mrd. DM), Statis Bund 98/2,DBuBa, Supplement 4: Saisonally Adjusted Economic Data, Reihe Nr. BA1050.
Spalte 32: Reihe : Nettoeoelimporte in dt, Quelle: Statistisches Bundesamt (siehe Excel-Tabellen)
Spalte 33: Reihe : Oelpreis in DM je dt, Quelle: wie Spalte 32.
Spalte 34: Reihe : Deutscher Aktienindex (DAX 30), Performanceindex
Spalte 35: Reihe : FAZ Aktienindix, Performanceindex
Spalte 36: Reihe : ERWERBSTAET.: ARBEITSVOLUMEN ;BESCH.ARBEITN.(INL.),BEZ.;(MILL.STD.) / 1101A, saisonbereinigt mit DIW Exel Add In
Spalte 37: Reihe : PRIVATER VERBRAUCH, PREISINDEX 1991=100 (SAIS.BER.) / 3101ZB

