60   125.36   429.52  206.31  1222.20  1111.82  163.25
61   132.97   474.27  223.55  1310.43  1188.56  173.56 
62   141.26   522.15  241.06  1401.35  1266.94  184.55 
63   148.38   567.37  260.05  1492.25  1344.80  196.26 
64   154.05   605.83  278.65  1580.94  1420.67  210.22 
65   161.01   646.63  295.30  1682.93  1505.66  228.20 
66   168.82   688.24  311.76  1790.40  1594.42  246.65 
67   175.14   723.54  327.13  1902.28  1686.05  264.23 
68   177.92   746.71  340.86  2006.58  1776.40  279.09 
69   180.38   767.77  357.59  2111.22  1864.37  293.64 
70   184.35   804.34  378.63  2214.70  1949.96  309.25 
71   187.07   854.58  403.42  2317.21  2032.75  327.67 
72   187.57   904.95  431.76  2432.51  2126.24  346.12 
73   187.63   943.20  459.64  2564.82  2233.62  363.05 
74   189.03   969.21  485.37  2701.14  2340.44  378.74 
75   188.85   982.39  501.37  2807.25  2423.19  397.23 
76   188.87   991.20  512.27  2897.53  2491.06  414.82 
77   189.69  1000.82  525.87  2993.49  2562.05  431.20 
78   191.56  1010.82  540.77  3097.01  2635.25  445.91 
79   193.67  1020.75  555.59  3208.53  2709.33  460.00 
80   195.45  1038.04  569.29  3331.84  2789.45  474.79 
81   195.64  1060.51  581.04  3454.75  2870.41  489.71 
82   194.28  1073.64  588.72  3567.75  2943.80  502.34 
83   192.74  1079.89  593.95  3665.89  3009.84  512.62 
84   192.55  1084.81  601.75  3771.45  3079.94  520.82 
85   191.22  1086.86  608.89  3877.09  3149.66  528.42 
86   189.81  1095.98  619.54  3965.09  3204.51  536.11 
87   188.16  1111.39  631.93  4049.35  3256.44  545.09 
88   186.60  1128.58  645.45  4132.45  3305.40  554.58 
89   185.56  1145.04  661.63  4224.74  3356.31  563.70 
90   185.45  1166.51  679.71  4326.84  3411.44  573.33 
=========================================================
Erlaeuterungen: (zu NettoAV.txt)

Spalte  1: Jahr 
Spalte  2: Nettoanlagevermoegen Land- und Forstwirtschaft in Preisen 
Spalte  3:       "              Produzierendes Gewerbe               
Spalte  4:       "              Handel und Verkehr                   
Spalte  5:       "              Dienstleistungsunternehmen
Spalte  6:       "              Wohnungsvermietung (einschl. Nutzung durch Eigentuemer)
Spalte  7:       "              Staat (ohne oeffentlichen Tiefbau)  

alle Angaben in Mrd. DM

Quelle:
 StatBuAmt, 1996, VGRn, Fachserie 18, Reihe 1.3, Hauptbericht 1995, 
            Tabelle 3.6.4: Anlagevermoegen nach Wirtschaftsbereichen in Preisen 
            von 1991, netto, Bestand am Jahresanfang, abgelegt unter Korres-
            pondenz-Ordner, Fach 12
            
            
Hinweis: Die Summen der Spalten 2,3,4,5 und 7 ergibt das gesamte Nettoanlagevermoegen
         der Wirtschaft.

