194701	1934.5	48.288	478.7	1199.4	438.9	3.962	24.8	0.38	7.95			
194704	1932.3	48.292	482.8	1219.3	442.8	4.052	25.2	0.38	0.81			
194707	1930.3	48.423	485.9	1223.3	438.8	4.172	25.4	0.74	13.29			
194710	1960.7	48.895	482.5	1223.6	432.8	4.270	26.5	0.91	3.09			
194801	1989.5	49.207	488.6	1229.8	432.5	4.372	28.2	0.99	1.45			
194804	2021.9	49.180	505.0	1244.1	443.5	4.432	28.0	1.00	9.58			
194807	2033.2	49.530	515.0	1245.9	451.0	4.521	29.1	1.05	12.19			
194810	2035.3	49.072	533.8	1255.8	465.6	4.565	30.2	1.14	4.02			
194901	2007.5	48.245	548.6	1257.9	474.2	4.594	28.6	1.17	0.72			
194904	2000.8	47.438	572.5	1277.1	489.3	4.604	27.5	1.17	3.41			
194907	2022.8	46.940	577.6	1280.0	489.5	4.614	26.1	1.04	6.02			
194910	2004.7	46.752	565.8	1298.8	478.5	4.599	25.6	1.08	14.93			
195001	2084.6	47.115	557.1	1320.4	477.8	4.718	26.4	1.10	13.47			
195004	2147.6	48.278	566.6	1342.1	484.6	4.820	28.9	1.15	12.68			
195007	2230.4	49.800	557.3	1411.0	472.7	4.915	31.9	1.22	4.39			
195010	2273.4	50.259	597.2	1368.4	509.9	5.037	32.9	1.34	22.25			
195101	2304.5	51.104	660.9	1401.5	558.8	5.159	33.1	1.37	14.23			
195104	2344.5	51.515	748.8	1361.9	624.9	5.273	34.1	1.49	10.58			
195107	2392.8	51.006	830.9	1377.7	687.4	5.332	34.8	1.60	7.1			
195110	2398.1	51.030	874.8	1385.8	712.7	5.434	34.6	1.61	13.28			
195201	2423.5	51.359	900.5	1388.9	738.4	5.491	35.1	1.57	9.6			
195204	2428.5	51.145	930.7	1416.1	767.4	5.533	35.8	1.65	4.05			
195207	2446.1	51.513	940.0	1423.0	775.2	5.601	32.9	1.78	11.75			
195210	2526.4	52.892	955.6	1473.3	788.0	5.740	35.8	1.89	2.46			
195301	2573.4	53.441	985.5	1490.8	810.0	5.807	37.8	1.98	13.73			
195304	2593.5	53.534	1005.9	1499.8	826.7	5.875	38.5	2.15	-0.22			
195307	2578.9	53.000	995.2	1496.3	817.4	5.938	39.6	1.96	4.05			
195310	2539.8	52.166	992.4	1486.4	822.2	5.997	39.2	1.47	4.57			
195401	2528.0	51.465	967.3	1491.8	794.4	6.049	38.3	1.06	12.29			
195404	2530.7	51.077	934.3	1511.3	764.8	6.056	38.2	0.79	14.27			
195407	2559.4	50.878	914.3	1531.8	752.9	6.104	38.9	0.88	14.32			
195410	2609.3	51.515	908.6	1564.0	748.9	6.163	38.9	1.02	11.76			
195501	2683.8	52.346	909.2	1599.1	752.9	6.206	39.5	1.22	15.43			
195504	2727.5	53.027	900.5	1629.7	740.3	6.257	42.1	1.48	10.46			
195507	2764.1	53.578	906.1	1649.8	750.2	6.369	44.8	1.86	17.26			
195510	2780.8	54.228	888.3	1670.5	733.9	6.425	47.1	2.34	2.45			
195601	2770.0	54.556	888.1	1673.2	727.1	6.526	47.8	2.33	8.81			
195604	2792.9	54.675	905.9	1678.8	739.6	6.652	49.1	2.57	12.8			
195607	2790.6	54.456	898.3	1682.6	727.3	6.754	50.7	2.58	5.29			
195610	2836.2	54.758	920.7	1705.8	744.9	6.866	51.4	3.03	-1.5			
195701	2854.5	54.807	940.7	1717.5	759.9	6.966	52.5	3.10	2			
195704	2848.2	54.690	935.7	1720.5	756.8	7.036	52.6	3.14	2.97			
195707	2875.9	54.426	943.5	1734.1	760.3	7.130	54.1	3.35	11.54			
195710	2846.4	53.298	959.3	1734.9	775.0	7.226	53.2	3.31	-11.34			
195801	2772.7	52.092	950.8	1711.1	765.5	7.230	49.4	1.76	4.03			
195804	2790.9	51.345	974.7	1725.1	785.8	7.292	47.8	0.96	7.24			
195807	2855.5	51.956	980.6	1753.5	787.6	7.462	47.4	1.68	12.68			
195810	2922.3	52.732	1000.7	1777.1	800.4	7.492	49.3	2.69	14.59			
195901	2976.6	53.752	989.4	1809.4	778.6	7.565	50.9	2.77	12.61			
195904	3049.0	54.781	1001.7	1837.3	791.7	7.627	52.7	3.00	5.86			
195907	3043.1	54.619	1010.3	1856.5	801.1	7.672	54.4	3.54	7.77			
195910	3055.1	54.627	1002.1	1858.6	800.7	7.746	54.4	4.23	-1.55			
196001	3123.2	54.965	985.2	1876.3	783.4	7.913	56.3	3.87	5.08			
196004	3111.3	55.062	995.8	1900.1	794.0	7.963	57.2	2.99	-0.61			
196007	3119.1	54.750	1020.0	1892.5	809.8	8.011	56.2	2.36	3.7			
196010	3081.3	54.242	1026.8	1894.9	816.7	8.047	55.9	2.31	-0.29			
196101	3102.3	53.937	1042.0	1894.4	817.0	8.117	55.0	2.35	14.77			
196104	3159.9	53.811	1044.4	1922.6	826.2	8.231	56.2	2.30	13.48			
196107	3212.6	54.127	1066.4	1932.0	840.8	8.292	56.7	2.30	2.36			
196110	3277.7	54.815	1089.7	1970.7	855.3	8.353	58.5	2.46	6.94			
196201	3336.8	55.017	1110.7	1991.7	875.2	8.486	59.7	2.72	4.55			
196204	3372.7	55.672	1116.0	2016.1	881.5	8.543	61.4	2.72	1.49			
196207	3404.8	55.556	1141.7	2032.5	901.0	8.602	62.1	2.84	-13.25			
196210	3418.0	55.203	1149.6	2061.3	907.1	8.682	61.8	2.81	2.28			
196301	3456.1	55.539	1134.1	2075.2	893.8	8.768	62.0	2.91	19.63			
196304	3501.1	55.890	1135.1	2095.1	893.5	8.812	63.9	2.94	9.02			
196307	3569.5	56.041	1185.4	2123.7	931.9	8.902	65.7	3.29	3.66			
196310	3595.0	56.476	1173.7	2141.4	926.1	9.005	67.7	3.50	8.97			
196401	3672.7	57.525	1177.3	2183.6	926.7	8.998	69.1	3.53	7.83			
196404	3716.4	57.775	1187.9	2222.0	934.1	9.098	71.1	3.48	7.63			
196407	3766.9	58.145	1189.4	2262.8	936.0	9.217	73.4	3.50	7.11			
196410	3780.2	58.710	1189.0	2269.2	936.2	9.286	75.3	3.68	4.91			
196501	3873.5	59.627	1187.7	2319.8	938.9	9.322	80.2	3.89	4.46			
196504	3926.4	60.218	1202.0	2345.5	950.6	9.385	83.4	3.87	5.13			
196507	4006.2	60.360	1241.7	2385.9	980.6	9.484	86.7	3.87	-0.49			
196510	4100.6	60.932	1265.4	2452.9	1002.8	9.625	90.6	4.17	10.79			
196601	4201.9	61.812	1289.0	2489.1	1015.5	9.791	94.4	4.61	5.11			
196604	4219.1	62.418	1313.4	2495.4	1042.1	9.947	96.8	4.59	1.15			
196607	4249.2	62.710	1349.1	2523.8	1068.5	10.089	98.3	5.04	-3.18			
196610	4285.6	62.541	1372.4	2534.2	1083.9	10.226	99.2	5.21	-6.79			
196701	4324.9	62.471	1429.8	2548.9	1133.8	10.364	98.0	4.51	13.22			
196704	4328.7	62.088	1424.2	2583.7	1136.3	10.532	98.3	3.66	11.14			
196707	4366.1	62.292	1440.2	2596.9	1148.5	10.675	98.8	4.30	5.45			
196710	4401.2	62.576	1451.4	2612.7	1160.9	10.820	101.7	4.75	5.99			
196801	4490.6	62.687	1477.2	2674.8	1189.4	11.111	105.6	5.05	2.41			
196804	4566.4	63.288	1485.0	2715.6	1194.8	11.291	105.3	5.52	3.78			
196807	4599.3	63.731	1489.7	2766.6	1202.3	11.476	107.6	5.20	7.98			
196810	4619.8	64.124	1491.0	2779.1	1207.7	11.705	112.2	5.59	6.52			
196901	4691.6	64.725	1494.7	2810.2	1204.8	11.864	116.0	6.09	1.23			
196904	4706.7	65.324	1490.0	2828.2	1212.2	12.056	118.4	6.20	2.36			
196907	4736.1	65.637	1493.5	2841.9	1218.6	12.272	122.4	7.02	-3.41			
196910	4715.5	65.438	1473.9	2864.6	1215.6	12.509	123.3	7.35	4.18			
197001	4707.1	65.180	1466.9	2882.3	1203.3	12.735	123.8	7.21	-2.14			
197004	4715.4	64.321	1450.2	2895.6	1191.1	12.938	125.0	6.68	-1.31			
197007	4757.2	63.994	1456.5	2921.1	1193.4	13.151	126.3	6.33	-8.2			
197010	4708.3	63.506	1457.2	2913.1	1193.6	13.281	123.5	5.35	15.61			
197101	4834.3	63.805	1436.1	2968.9	1189.7	13.555	126.3	3.84	14.52			
197104	4861.9	64.011	1432.8	2996.1	1188.3	13.754	129.5	4.25	13.5			
197107	4900.0	64.012	1432.4	3020.0	1186.6	13.943	131.2	5.01	-0.88			
197110	4914.3	64.697	1422.6	3070.2	1181.7	14.039	134.7	4.23	1.39			
197201	5002.4	65.485	1429.3	3110.8	1186.0	14.415	140.6	3.44	9.33			
197204	5118.3	65.954	1438.0	3170.2	1192.2	14.585	144.0	3.77	8.3			
197207	5165.4	66.325	1409.3	3219.1	1173.4	14.780	147.0	4.22	1.35			
197210	5251.2	67.018	1420.1	3294.6	1173.3	15.057	155.0	4.86	5.13			
197301	5380.5	68.031	1431.6	3354.8	1173.6	15.453	162.8	5.70	10.91			
197304	5441.5	68.742	1424.5	3353.4	1172.7	15.668	171.3	6.60	-4.15			
197307	5411.9	69.207	1406.4	3365.3	1163.1	15.940	176.6	8.32	-1.15			
197310	5462.4	69.550	1415.8	3355.5	1171.3	16.262	180.1	7.50	6.91			
197401	5417.0	69.254	1442.4	3326.2	1185.1	16.633	183.4	7.62	-9.37			
197404	5431.3	69.435	1451.6	3337.9	1182.2	17.068	188.8	8.15	-0.2			
197407	5378.7	69.194	1453.5	3351.6	1184.8	17.575	194.5	8.19	-10.4			
197410	5357.2	68.050	1459.9	3302.5	1194.2	18.060	197.6	7.36	-7.91			
197501	5292.4	65.915	1476.1	3330.1	1204.5	18.607	193.1	5.75	9.71			
197504	5333.2	65.307	1466.2	3385.7	1211.2	19.005	193.3	5.39	21.83			
197507	5421.4	65.905	1489.5	3434.1	1219.3	19.340	197.8	6.33	13.55			
197510	5494.4	67.036	1503.4	3470.5	1223.7	19.656	202.9	5.63	-0.24			
197601	5618.5	68.145	1506.5	3539.9	1220.4	20.030	209.5	4.92	13.52			
197604	5661.0	68.169	1491.4	3572.4	1220.1	20.408	215.0	5.16	9.04			
197607	5689.8	68.440	1483.9	3610.3	1216.9	20.837	222.6	5.15	5.98			
197610	5732.5	68.806	1484.4	3657.5	1224.5	21.282	230.2	4.67	1.55			
197701	5799.2	69.539	1497.3	3699.3	1231.0	21.683	243.3	4.63	5.88			
197704	5913.0	70.866	1512.0	3719.7	1241.6	22.124	253.7	4.84	-0.48			
197707	6017.6	71.624	1515.4	3755.2	1250.0	22.555	263.3	5.50	5.61			
197710	6018.2	72.324	1512.1	3811.8	1253.2	22.946	275.9	6.11	-1.9			
197801	6039.2	72.658	1513.9	3833.8	1258.0	23.721	282.4	6.39	1.31			
197804	6274.0	74.783	1554.1	3915.6	1272.2	23.979	309.3	6.48	8.08			
197807	6335.3	75.412	1566.4	3932.0	1276.7	24.342	325.1	7.31	10.17			
197810	6420.3	76.326	1580.6	3963.5	1286.0	24.914	341.4	8.57	8.69			
197901	6433.0	76.869	1566.9	3983.6	1287.9	25.662	356.7	9.38	4.2			
197904	6440.8	77.180	1583.0	3981.3	1292.7	26.227	364.3	9.38	7.66			
197907	6487.1	77.828	1585.1	4020.4	1280.5	26.836	383.0	9.67	5.87			
197910	6503.9	77.980	1595.4	4031.2	1290.1	27.526	391.3	11.84	7.16			
198001	6524.9	77.794	1620.2	4025.0	1303.3	28.311	404.5	13.35	11.58			
198004	6392.6	76.438	1625.9	3934.5	1318.4	29.040	394.7	9.62	-1.85			
198007	6382.9	76.088	1601.9	3976.9	1302.0	29.757	405.7	9.15	22.12			
198010	6501.2	77.027	1601.8	4029.6	1300.1	30.587	422.8	13.61	13.77			
198101	6635.7	77.452	1622.8	4050.8	1312.6	31.388	443.0	14.39	6.91			
198104	6587.3	77.479	1627.9	4050.1	1325.5	31.934	462.9	14.91	5.8			
198107	6662.9	77.453	1621.6	4066.4	1323.9	32.626	482.1	15.05	0.84			
198110	6585.1	77.155	1639.9	4035.9	1335.3	33.134	503.8	11.75	-2.12			
198201	6475.0	75.913	1638.2	4062.6	1341.1	33.988	500.1	12.81	3.47			
198204	6510.2	76.208	1648.9	4077.6	1342.9	34.285	490.1	12.42	4.9			
198207	6486.8	75.668	1659.3	4109.1	1355.9	34.817	478.7	9.32	-0.07			
198210	6493.1	74.984	1685.8	4184.1	1374.1	35.311	471.5	7.91	27.57			
198301	6578.2	75.423	1701.9	4224.8	1391.0	35.703	462.1	8.11	13.93			
198304	6728.3	76.266	1719.1	4308.4	1405.0	36.060	466.4	8.40	14.08			
198307	6860.0	77.767	1747.3	4384.0	1422.7	36.259	485.4	9.14	10.31			
198310	7001.5	79.222	1718.0	4453.1	1389.3	36.651	514.7	8.80	4.63			
198401	7140.6	80.742	1738.1	4490.9	1402.7	37.113	531.5	9.17	3.47			
198404	7266.0	81.814	1777.1	4554.9	1433.6	37.474	558.3	9.80	-0.95			
198407	7337.5	82.190	1791.8	4589.9	1443.4	38.004	576.6	10.32	0.53			
198410	7396.0	82.732	1826.0	4650.6	1460.3	38.301	590.9	8.80	13.98			
198501	7469.5	83.409	1848.0	4729.7	1481.5	38.800	599.4	8.18	8.72			
198504	7537.9	83.950	1891.0	4774.1	1507.8	39.167	609.1	7.46	9.72			
198507	7655.2	84.178	1935.4	4865.8	1540.5	39.752	604.4	7.11	10.89			
198510	7712.6	84.576	1941.8	4878.3	1550.0	40.511	618.1	7.17	0.81			
198601	7784.1	84.456	1958.0	4919.6	1564.0	41.108	613.5	6.90	16.08			
198604	7819.8	84.258	1997.8	4974.6	1594.9	41.554	605.0	6.14	18.18			
198607	7898.6	84.684	2043.4	5064.7	1622.3	42.068	602.0	5.52	4.35			
198610	7939.5	85.326	2031.5	5097.1	1618.7	42.625	610.6	5.35	2.27			
198701	7995.0	86.349	2044.3	5097.9	1626.7	42.840	596.6	5.54	14.91			
198704	8084.7	86.842	2062.9	5168.6	1637.5	43.149	608.4	5.66	12.55			
198707	8158.0	87.450	2067.7	5228.5	1636.5	43.599	625.5	6.04	10.15			
198710	8292.7	88.351	2092.8	5239.5	1666.2	44.126	630.5	5.86	-6.83			
198801	8339.3	88.430	2078.6	5332.7	1663.3	44.900	641.5	5.72	-7.44			
198804	8449.5	89.694	2086.1	5371.8	1666.7	45.428	659.4	6.21	8.44			
198807	8498.3	89.941	2087.5	5417.7	1672.6	45.973	666.3	7.01	6.02			
198810	8610.9	90.939	2126.8	5479.7	1708.7	46.309	681.9	7.73	6.63			
198901	8697.7	91.832	2117.2	5505.0	1702.7	46.482	696.3	8.54	6.42			
198904	8766.1	92.199	2151.8	5530.9	1735.2	46.654	708.9	8.41	9.46			
198907	8831.5	92.408	2169.8	5585.9	1744.6	47.067	731.2	7.84	13.24			
198910	8850.2	92.421	2181.5	5610.5	1758.0	47.725	727.5	7.65	7.92			
199001	8947.1	92.643	2215.8	5658.7	1780.5	48.706	740.9	7.76	1.07			
199004	8981.7	92.129	2221.2	5676.4	1787.6	49.719	734.2	7.75	2.84			
199007	8983.9	91.543	2219.9	5699.3	1786.8	50.422	744.3	7.48	9.93			
199010	8907.4	91.078	2240.2	5656.2	1802.9	50.837	737.6	6.99	-11.38			
199101	8865.6	90.126	2251.2	5636.7	1825.6	51.227	729.8	6.02	9.92			
199104	8934.4	89.573	2259.2	5684.0	1830.1	52.184	726.8	5.56	20.38			
199107	8977.3	89.472	2250.8	5711.6	1824.1	52.789	720.1	5.38	3.36			
199110	9016.4	89.363	2242.3	5710.1	1818.9	53.441	717.6	4.54	4.97			
199201	9123.0	88.902	2259.7	5817.3	1830.3	54.779	714.2	3.89	10.71			
199204	9223.5	89.292	2256.8	5857.2	1833.9	55.253	736.7	3.68	0.88			
199207	9313.2	89.469	2268.4	5920.6	1852.3	55.883	748.6	3.08	4.9			
199210	9406.5	90.071	2263.5	5991.1	1853.1	56.276	768.3	3.07	2.37			
199301	9424.1	90.856	2237.8	6013.8	1835.0	55.750	776.6	2.96	8.52			
199304	9480.1	91.913	2240.3	6067.8	1833.2	56.185	792.4	2.97	4.67			
199307	9526.3	92.385	2245.1	6134.8	1843.0	56.255	798.4	3.00	3.78			
199310	9653.5	93.166	2250.0	6189.1	1846.0	56.760	829.5	3.06	6.52			
199401	9748.2	93.541	2222.1	6260.1	1835.1	56.527	841.1	3.24	4.68			
199404	9881.4	95.124	2235.1	6308.6	1840.5	56.976	855.7	3.99	-2.75			
199407	9939.7	96.285	2272.7	6357.5	1863.9	56.925	871.9	4.48	3.81			
199410	10052.5	96.837	2252.2	6425.9	1847.9	57.259	906.6	5.28	5.63			
199501	10086.9	97.512	2256.8	6442.9	1848.4	57.459	944.3	5.74	3.15			
199504	10122.1	97.502	2268.6	6500.7	1855.9	57.842	956.6	5.60	12.02			
199507	10208.8	98.603	2262.4	6560.3	1856.1	58.173	965.5	5.37	12.38			
199510	10281.2	98.681	2242.1	6606.4	1835.6	58.756	982.5	5.26	7.03			
199601	10348.7	98.520	2246.8	6667.7	1834.2	59.641	1003.6	4.93	7.79			
199604	10529.4	99.311	2282.8	6740.1	1867.6	60.282	1026.6	5.02	7.63			
199607	10626.8	100.104	2285.2	6780.7	1866.2	60.762	1059.1	5.10	1.75			
199610	10739.1	101.353	2301.9	6834.0	1880.1	61.037	1083.5	4.98	11.2			
199701	10820.9	102.439	2301.3	6906.1	1875.8	61.599	1106.8	5.06	11.36			
199704	10984.2	103.055	2325.3	6937.4	1901.4	62.072	1129.2	5.05	1.67			
199707	11124.0	103.684	2329.0	7056.1	1905.0	62.673	1178.4	5.05	23.11			
199710	11210.3	104.168	2332.5	7139.9	1916.0	63.803	1181.9	5.09	4.46			
199801	11321.2	104.750	2319.0	7213.6	1905.6	64.944	1212.4	5.05	2.92			
199804	11431.0	105.234	2366.0	7341.0	1937.8	65.799	1246.1	4.98	17.08			
199807	11580.6	105.407	2387.6	7437.5	1942.2	66.833	1259.8	4.82	5.43			
199810	11770.7	106.880	2409.4	7546.8	1964.6	67.079	1292.9	4.25	-9.33			
199901	11864.7	106.902	2418.1	7618.7	1970.6	68.162	1319.9	4.41	22.53			
199904	11962.5	107.654	2431.7	7731.5	1975.8	68.321	1351.4	4.45	8.2			
199907	12113.1	108.365	2460.3	7819.3	1998.1	68.896	1383.8	4.65	4.68			
199910	12323.3	108.732	2496.7	7934.1	2021.4	70.335	1391.4	5.04	-4.67			
200001	12359.1	109.152	2476.2	8054.9	1998.5	72.964	1445.5	5.52	10.93			
200004	12592.5	109.267	2506.4	8132.2	2033.5	73.198	1494.7	5.71	3.68			
200007	12607.7	109.255	2501.2	8211.3	2024.5	74.674	1515.5	6.02	1.93			
200010	12679.3	108.803	2509.0	8284.4	2029.9	75.090	1519.4	6.02	-4.52			
200101	12643.3	108.619	2546.3	8319.4	2063.0	76.921	1501.5	4.82	-2.76			
200104	12710.3	107.518	2596.4	8340.8	2092.6	77.117	1467.6	3.66	-9.73			
200107	12670.1	106.352	2594.6	8371.2	2110.3	77.206	1445.0	3.17	2.55			
200110	12705.3	105.148	2632.4	8499.1	2128.5	77.877	1401.5	1.91	-9.31			
200201	12822.3	104.208	2671.3	8524.6	2157.2	78.288	1371.9	1.72	7.37			
200204	12893.0	104.491	2696.9	8568.1	2178.8	78.979	1351.6	1.72	-1.09			
200207	12955.8	104.167	2717.8	8628.0	2191.9	79.359	1343.7	1.64	-17.3			
200210	12964.0	104.271	2737.1	8674.4	2208.8	79.566	1328.4	1.33	-3.66			
200301	13031.2	103.728	2728.3	8712.5	2200.0	80.057	1327.8	1.16	6.71			
200304	13152.1	103.440	2771.2	8809.5	2238.0	81.473	1359.1	1.04	1.16			
200307	13372.4	103.587	2771.2	8939.4	2228.0	82.683	1388.5	0.93	13.35			
200310	13528.7	104.123	2786.3	9008.8	2245.5	83.793	1411.5	0.92	6.35			
200401	13606.5	104.574	2793.9	9096.4	2254.4	83.667	1400.3	0.92	10.72			
200404	13706.2	104.634	2809.9	9155.5	2261.3	85.301	1440.2	1.08	1.68			
200407	13830.8	105.316	2820.7	9243.0	2267.8	86.762	1485.6	1.49	-0.77			
200410	13950.4	105.883	2808.2	9337.8	2256.7	87.141	1526.5	2.01	2.77			
200501	14099.1	106.068	2814.1	9409.2	2265.9	87.798	1560.5	2.54	7.51			
200504	14172.7	106.749	2818.9	9511.5	2262.2	88.270	1595.2	2.86	0.29			
200507	14291.8	106.980	2841.0	9585.2	2278.9	89.358	1633.8	3.36	6.78			
200510	14373.4	107.663	2830.7	9621.3	2264.2	89.930	1656.4	3.83	-0.7			
200601	14546.1	108.638	2853.5	9729.2	2284.1	91.840	1729.4	4.39	9.16			
200604	14589.6	108.939	2864.1	9781.0	2278.7	91.865	1761.0	4.70	3.63			
200607	14602.6	109.566	2870.4	9838.1	2286.9	91.978	1793.6	4.91	-1.4			
200610	14716.9	109.905	2889.1	9938.4	2297.2	93.616	1821.2	4.90	10.12			
200701	14726.0	109.930	2882.7	9990.7	2287.2	95.917	1864.7	4.98	6.3			
200704	14838.7	110.324	2907.0	10024.6	2299.2	95.892	1907.5	4.74	4.58			
200707	14938.5	109.992	2928.0	10069.2	2315.7	96.198	1937.9	4.30	5.71			
200710	14991.8	109.730	2939.8	10081.8	2321.9	97.247	1972.3	3.39	3.04			
200801	14889.5	109.406	2952.0	10061.0	2331.4	98.203	1981.6	2.04	-8.64			
200804	14963.4	108.887	2975.0	10077.9	2335.8	98.273	1978.7	1.63	1.46			
200807	14891.6	107.719	3016.2	10005.1	2368.3	99.117	1947.3	1.49	-6.16			
200810	14577.0	105.029	3035.9	9884.7	2386.1	100.200	1856.2	0.30	-20.67			
200901	14375.0	102.257	3040.5	9850.8	2398.2	97.730	1712.3	0.21	-7.76			
200904	14355.6	100.037	3096.0	9806.4	2443.4	100.113	1637.5	0.17	1.07			
200907	14402.5	98.821	3113.0	9865.9	2460.8	100.815	1600.3	0.16	13.29			
200910	14541.9	98.888	3106.8	9864.8	2465.8	101.423	1583.6	0.06	16.59			
201001	14604.8	98.918	3084.3	9917.7	2452.2	100.720	1594.4	0.11	7.32			
201004	14745.9	99.694	3106.2	9998.4	2457.2	101.900	1641.8	0.15	8.52			
201007	14845.5	100.194	3103.5	10063.1	2452.3	102.369	1677.4	0.16	-7.97			
201010	14939.0	100.728	3071.5	10166.1	2428.0	102.819	1719.3	0.14	10.58			
201101	14881.3	100.952	3012.2	10217.1	2389.4	104.652	1722.4	0.13	11.44			
201104	14989.6	101.676	3009.0	10237.7	2389.4	104.118	1768.5	0.05	5.66			
201107	15021.1	102.177	2990.0	10282.2	2375.6	104.739	1854.5	0.02	1.37			
201110	15190.3	102.865	2978.3	10316.8	2365.0	103.422	1902.9	0.01	-6.97			
201201	15291.0	103.687	2963.7	10379.0	2366.8	105.823	1971.5	0.07	9.95			
201204	15362.4	103.749	2949.4	10396.6	2355.9	106.454	2016.2	0.09	8.73			
201207	15380.8	104.225	2940.9	10424.1	2360.0	106.524	2011.7	0.10	0.15			
201210	15384.3	104.857	2912.3	10453.2	2347.4	109.256	2031.2	0.09	7.96			
201301	15457.2	105.328	2878.8	10518.2	2322.8	106.648	2052.1	0.09	5.15			
201304	15500.2	105.611	2864.1	10554.3	2310.5	108.289	2064.6	0.05	8.29			
201307	15614.4	106.163	2848.1	10598.9	2293.0	108.528	2085.9	0.03	8.38			
201310	15761.5	106.599	2828.5	10690.4	2277.5	109.140	2134.5	0.06	5.15			
201401	15724.9	107.219	2828.4	10724.7	2288.2	110.613	2181.9	0.05	8.01			
201404	15901.5	107.882	2836.5	10826.3	2286.6	110.400	2211.7	0.03	4.31			
201407	16068.8	108.507	2849.2	10918.6	2300.2	111.276	2267.0	0.03	7.86			
201410	16151.4	109.806	2839.0	11033.3	2285.3	112.199	2274.1	0.02	0.15			
201501	16177.3	110.244	2838.5	11081.2	2294.7	112.612	2280.7	0.03	6.75			
201504	16333.6	110.634	2856.9	11178.9	2297.5	113.116	2297.9	0.02	5.32			
